1 1 1 10
2 2 65 20
3 3 33 30
4 4 97 40
5 5 17 50
6 6 81 60
7 7 49 70
8 8 9 80
9 9 73 90
10 10 41 100
11 11 25 110
12 12 89 120
13 13 57 130
14 14 5 140
15 15 69 150
16 16 37 160
17 17 21 170
18 18 85 180
19 19 53 190
20 20 13 200
21 21 77 210
22 22 45 220
23 23 29 230
24 24 93 240
25 25 61 250
26 26 3 260
27 27 67 270
28 28 35 280
29 29 99 290
30 30 19 300
31 31 83 310
32 32 51 320
33 33 11 330
34 34 75 340
35 35 43 350
36 36 27 360
37 37 91 370
38 38 59 380
39 39 7 390
40 40 71 400
41 41 39 410
42 42 23 420
43 43 87 430
44 44 55 440
45 45 15 450
46 46 79 460
47 47 47 470
48 48 31 480
49 49 95 490
50 50 63 500